(1694158760001, datetime.datetime(2023, 9, 8, 9, 39, 20, 1000), 1646.74, 1646.74, 1646.74, 1646.74, 0.5, 1694158759000, 1694158759999, 823.37, 1, 0.5, 823.37, 'ETHUSDT')
Kline inserted successfully:  2023-09-08
(1694158761001, datetime.datetime(2023, 9, 8, 9, 39, 21, 1000), 1646.74, 1646.74, 1646.74, 1646.74, 0.5, 1694158760000, 1694158760999, 823.37, 1, 0.5, 823.37, 'ETHUSDT')
Kline inserted successfully:  2023-09-08
(1694158762001, datetime.datetime(2023, 9, 8, 9, 39, 22, 1000), 1646.74, 1646.74, 1646.74, 1646.74, 0.5, 1694158761000, 1694158761999, 823.37, 1, 0.5, 823.37, 'ETHUSDT')
Kline inserted successfully:  2023-09-08
(1694158763001, datetime.datetime(2023, 9, 8, 9, 39, 23, 1000), 1646.74, 1646.74, 1646.74, 1646.74, 1.1012, 1694158762000, 1694158762999, 1813.390088, 2, 1.1012, 1813.390088, 'ETHUSDT')
Kline inserted successfully:  2023-09-08
(1694158764001, datetime.datetime(2023, 9, 8, 9, 39, 24, 1000), 1646.74, 1646.74, 1646.74, 1646.74, 0.5, 1694158763000, 1694158763999, 823.37, 2, 0.5, 823.37, 'ETHUSDT')
Kline inserted successfully:  2023-09-08
(1694158765001, datetime.datetime(2023, 9, 8, 9, 39, 25, 1000), 1646.74, 1646.74, 1646.74, 1646.74, 0.7334, 1694158764000, 1694158764999, 1207.719116, 3, 0.7334, 1207.719116, 'ETHUSDT')
Kline inserted successfully:  2023-09-08
(1694158766001, datetime.datetime(2023, 9, 8, 9, 39, 26, 1000), 1646.74, 1646.74, 1646.73, 1646.73, 0.8638, 1694158765000, 1694158765999, 1422.453485, 3, 0.8111, 1335.670814, 'ETHUSDT')
Kline inserted successfully:  2023-09-08
(1694158767002, datetime.datetime(2023, 9, 8, 9, 39, 27, 2000), 1646.74, 1646.95, 1646.74, 1646.95, 17.0595, 1694158766000, 1694158766999, 28092.930357, 16, 17.0595, 28092.930357, 'ETHUSDT')
Kline inserted successfully:  2023-09-08
(1694158768001, datetime.datetime(2023, 9, 8, 9, 39, 28, 1000), 1646.96, 1646.96, 1646.95, 1646.95, 9.3187, 1694158767000, 1694158767999, 15347.525792, 8, 9.2827, 15288.235592, 'ETHUSDT')
Kline inserted successfully:  2023-09-08
(1694158824001, datetime.datetime(2023, 9, 8, 9, 40, 24, 1000), 1646.84, 1646.85, 1646.84, 1646.85, 0.5, 1694158823000, 1694158823999, 823.421104, 4, 0.5, 823.421104, 'ETHUSDT')
Kline inserted successfully:  2023-09-08
(1694158825001, datetime.datetime(2023, 9, 8, 9, 40, 25, 1000), 1646.85, 1646.85, 1646.85, 1646.85, 0.5049, 1694158824000, 1694158824999, 831.494565, 2, 0.5049, 831.494565, 'ETHUSDT')
Kline inserted successfully:  2023-09-08
(1694158826001, datetime.datetime(2023, 9, 8, 9, 40, 26, 1000), 1646.86, 1646.86, 1646.86, 1646.86, 0.5, 1694158825000, 1694158825999, 823.43, 2, 0.5, 823.43, 'ETHUSDT')
Kline inserted successfully:  2023-09-08
(1694158827001, datetime.datetime(2023, 9, 8, 9, 40, 27, 1000), 1646.86, 1646.9, 1646.86, 1646.9, 0.5607, 1694158826000, 1694158826999, 923.39683, 2, 0.5607, 923.39683, 'ETHUSDT')
Kline inserted successfully:  2023-09-08
(1694158828001, datetime.datetime(2023, 9, 8, 9, 40, 28, 1000), 1646.93, 1646.93, 1646.93, 1646.93, 0.5, 1694158827000, 1694158827999, 823.465, 1, 0.5, 823.465, 'ETHUSDT')
Kline inserted successfully:  2023-09-08
(1694158829002, datetime.datetime(2023, 9, 8, 9, 40, 29, 2000), 1646.93, 1646.93, 1646.93, 1646.93, 0.5, 1694158828000, 1694158828999, 823.465, 1, 0.5, 823.465, 'ETHUSDT')
Kline inserted successfully:  2023-09-08
(1694158830001, datetime.datetime(2023, 9, 8, 9, 40, 30, 1000), 1646.93, 1646.93, 1646.92, 1646.92, 0.71, 1694158829000, 1694158829999, 1169.3182, 3, 0.5, 823.465, 'ETHUSDT')
Kline inserted successfully:  2023-09-08
(1694158831001, datetime.datetime(2023, 9, 8, 9, 40, 31, 1000), 1646.93, 1646.93, 1646.93, 1646.93, 0.5, 1694158830000, 1694158830999, 823.465, 1, 0.5, 823.465, 'ETHUSDT')
Kline inserted successfully:  2023-09-08
(1694158832001, datetime.datetime(2023, 9, 8, 9, 40, 32, 1000), 1646.93, 1646.93, 1646.92, 1646.93, 0.5264, 1694158831000, 1694158831999, 866.943768, 3, 0.508, 836.64044, 'ETHUSDT')
Kline inserted successfully:  2023-09-08
